Sample	FastQC_mqc-generalstats-fastqc-percent_duplicates	FastQC_mqc-generalstats-fastqc-percent_gc	FastQC_mqc-generalstats-fastqc-avg_sequence_length	FastQC_mqc-generalstats-fastqc-percent_fails	FastQC_mqc-generalstats-fastqc-total_sequences
GTEX-11GSP-0004_C31JT.3_1	16.541436668396273	49.0	76.0	0.0	23156242.0
GTEX-11GSP-0004_C31JT.3_2	15.836453969233077	50.0	76.0	0.0	23156242.0
GTEX-11GSP-0004_C31L3.5_1	16.705228415518178	49.0	76.0	0.0	22644918.0
GTEX-11GSP-0004_C31L3.5_2	15.968656437782286	50.0	76.0	0.0	22644918.0
GTEX-11GSP-0004_C31L3.6_1	16.640600070980412	49.0	76.0	0.0	22693013.0
GTEX-11GSP-0004_C31L3.6_2	16.078420618206835	50.0	76.0	0.0	22693013.0
GTEX-12WSD-0002_C3715.1_1	16.803736230186743	49.0	76.0	0.0	23584489.0
GTEX-12WSD-0002_C3715.1_2	16.244504421773044	49.0	76.0	0.0	23584489.0
GTEX-12WSD-0002_C3715.2_1	16.608586902317228	49.0	76.0	0.0	23690318.0
GTEX-12WSD-0002_C3715.2_2	16.044878711248117	49.0	76.0	0.0	23690318.0
GTEX-12WSD-0002_C3JV3.5_1	16.73683751950105	49.0	76.0	0.0	23945491.0
GTEX-12WSD-0002_C3JV3.5_2	15.96331126084921	49.0	76.0	0.0	23945491.0
GTEX-131YS-0003_C3TV7.3_1	16.765020158050632	49.0	76.0	0.0	20535609.0
GTEX-131YS-0003_C3TV7.3_2	16.466774056465027	49.0	76.0	0.0	20535609.0
GTEX-131YS-0003_C3TV7.4_1	17.221493868197356	49.0	76.0	0.0	20978082.0
GTEX-131YS-0003_C3TV7.4_2	16.682667954244067	49.0	76.0	0.0	20978082.0
GTEX-131YS-0003_C3U0V.3_1	17.749863189526167	49.0	76.0	0.0	21470730.0
GTEX-131YS-0003_C3U0V.3_2	17.098143262347122	49.0	76.0	0.0	21470730.0
GTEX-14DAQ-0004_C3TY8.5_1	16.947499922269344	49.0	76.0	0.0	20991825.0
GTEX-14DAQ-0004_C3TY8.5_2	16.392806881698235	49.0	76.0	0.0	20991825.0
GTEX-14DAQ-0004_C3TY8.6_1	17.14579349405814	49.0	76.0	0.0	21110606.0
GTEX-14DAQ-0004_C3TY8.6_2	16.44428948037863	49.0	76.0	0.0	21110606.0
GTEX-14DAQ-0004_C3U3B.8_1	15.680368583345938	49.0	76.0	0.0	20915389.0
GTEX-14DAQ-0004_C3U3B.8_2	16.700948751457616	49.0	76.0	0.0	20915389.0
GTEX-15ER7-0002_C4N20.1_1	4.185143895066631	49.0	76.0	0.0	2617992.0
GTEX-15ER7-0002_C4N20.1_2	3.9796102377408005	50.0	76.0	0.0	2617992.0
GTEX-15ER7-0002_C4N20.2_1	4.006892919789067	50.0	76.0	0.0	2543884.0
GTEX-15ER7-0002_C4N20.2_2	3.8247071491521183	50.0	76.0	0.0	2543884.0
GTEX-15ER7-0002_C4N20.3_1	4.102356979474635	49.0	76.0	0.0	2541916.0
GTEX-15ER7-0002_C4N20.3_2	3.9491195286158245	50.0	76.0	0.0	2541916.0
GTEX-15ER7-0002_C4N20.4_1	4.086399806148762	49.0	76.0	0.0	2599864.0
GTEX-15ER7-0002_C4N20.4_2	3.919826666311309	50.0	76.0	0.0	2599864.0
GTEX-15ER7-0002_C4N20.5_1	4.264639477166966	49.0	76.0	0.0	2601620.0
GTEX-15ER7-0002_C4N20.5_2	3.987590526093385	50.0	76.0	0.0	2601620.0
GTEX-15ER7-0002_C4N20.6_1	4.126833542681894	49.0	76.0	0.0	2552018.0
GTEX-15ER7-0002_C4N20.6_2	3.9421812596307433	50.0	76.0	0.0	2552018.0
GTEX-15ER7-0002_C4N20.7_1	4.14761979378838	49.0	76.0	0.0	2574057.0
GTEX-15ER7-0002_C4N20.7_2	3.947012668737486	50.0	76.0	0.0	2574057.0
GTEX-15ER7-0002_C4N20.8_1	4.014618602140757	49.0	76.0	0.0	2542199.0
GTEX-15ER7-0002_C4N20.8_2	3.9008158773848436	50.0	76.0	0.0	2542199.0
GTEX-15ER7-0002_C4RUH.1_1	4.022934323251633	50.0	76.0	0.0	2494635.0
GTEX-15ER7-0002_C4RUH.1_2	3.669015873635857	50.0	76.0	0.0	2494635.0
GTEX-15ER7-0002_C4RUH.2_1	3.8862501394086735	50.0	76.0	0.0	2507096.0
GTEX-15ER7-0002_C4RUH.2_2	3.615029150427503	50.0	76.0	0.0	2507096.0
GTEX-15ER7-0002_C4RUH.3_1	3.86692856421584	49.0	76.0	0.0	2476567.0
GTEX-15ER7-0002_C4RUH.3_2	3.42572639920688	50.0	76.0	0.0	2476567.0
GTEX-15ER7-0002_C4RUH.4_1	3.8582676899347064	49.0	76.0	0.0	2409331.0
GTEX-15ER7-0002_C4RUH.4_2	3.531717633091972	50.0	76.0	0.0	2409331.0
GTEX-15ER7-0002_C4RUH.5_1	3.8746893857352376	50.0	76.0	0.0	2432659.0
GTEX-15ER7-0002_C4RUH.5_2	3.415942030611319	50.0	76.0	0.0	2432659.0
GTEX-15ER7-0002_C4RUH.6_1	3.918989361671194	50.0	76.0	0.0	2450934.0
GTEX-15ER7-0002_C4RUH.6_2	3.5082934538322803	50.0	76.0	0.0	2450934.0
GTEX-15ER7-0002_C4RUH.7_1	3.8682739251878786	50.0	76.0	0.0	2451149.0
GTEX-15ER7-0002_C4RUH.7_2	3.5527403702928666	50.0	76.0	0.0	2451149.0
GTEX-15ER7-0002_C4RUH.8_1	3.705283315142566	49.0	76.0	0.0	2372733.0
GTEX-15ER7-0002_C4RUH.8_2	3.4474239395357102	50.0	76.0	0.0	2372733.0
GTEX-1A32A-0001_C40JE.1_1	3.9086919559525626	48.0	76.0	0.0	3004924.0
GTEX-1A32A-0001_C40JE.1_2	3.9456008169059515	48.0	76.0	0.0	3004924.0
GTEX-1A32A-0001_C40JE.2_1	3.972144205496946	48.0	76.0	0.0	2825143.0
GTEX-1A32A-0001_C40JE.2_2	3.9189428955866816	48.0	76.0	0.0	2825143.0
GTEX-1A32A-0001_C40JE.3_1	3.9561023649249023	48.0	76.0	0.0	3062663.0
GTEX-1A32A-0001_C40JE.3_2	4.199801718335877	48.0	76.0	0.0	3062663.0
GTEX-1A32A-0001_C40JE.4_1	3.989596221998468	48.0	76.0	0.0	3067660.0
GTEX-1A32A-0001_C40JE.4_2	3.944407970099604	48.0	76.0	0.0	3067660.0
GTEX-1A32A-0001_C40JE.5_1	4.045195515774054	48.0	76.0	0.0	3080785.0
GTEX-1A32A-0001_C40JE.5_2	4.07693538875013	48.0	76.0	0.0	3080785.0
GTEX-1A32A-0001_C40JE.6_1	3.9413292884543694	48.0	76.0	0.0	3127986.0
GTEX-1A32A-0001_C40JE.6_2	3.9852846290175563	48.0	76.0	0.0	3127986.0
GTEX-1A32A-0001_C40JE.7_1	4.123133017338148	48.0	76.0	0.0	3152337.0
GTEX-1A32A-0001_C40JE.7_2	4.176009012363963	48.0	76.0	0.0	3152337.0
GTEX-1A32A-0001_C40JE.8_1	3.999693784798694	48.0	76.0	0.0	3075960.0
GTEX-1A32A-0001_C40JE.8_2	4.023596866704807	48.0	76.0	0.0	3075960.0
GTEX-1A32A-0001_C40KK.1_1	3.2393400223932076	48.0	76.0	10.0	2644158.0
GTEX-1A32A-0001_C40KK.1_2	3.617897895679249	48.0	76.0	10.0	2644158.0
GTEX-1A32A-0001_C40KK.2_1	3.2241604821798546	48.0	76.0	10.0	2728809.0
GTEX-1A32A-0001_C40KK.2_2	3.4549874977408592	48.0	76.0	10.0	2728809.0
GTEX-1A32A-0001_C40KK.3_1	2.9582283329908137	48.0	76.0	10.0	2635174.0
GTEX-1A32A-0001_C40KK.3_2	3.4193788186443186	48.0	76.0	10.0	2635174.0
GTEX-1A32A-0001_C40KK.4_1	2.9518461299746406	48.0	76.0	10.0	2617565.0
GTEX-1A32A-0001_C40KK.4_2	3.360634169755315	48.0	76.0	10.0	2617565.0
GTEX-1A32A-0001_C40KK.5_1	2.9531183738320976	48.0	76.0	10.0	2590141.0
GTEX-1A32A-0001_C40KK.5_2	3.2905690118571442	48.0	76.0	10.0	2590141.0
GTEX-1A32A-0001_C40KK.6_1	2.9401733115998354	48.0	76.0	10.0	2614539.0
GTEX-1A32A-0001_C40KK.6_2	3.345486745030513	48.0	76.0	10.0	2614539.0
GTEX-1A32A-0001_C40KK.7_1	3.0809037515406885	48.0	76.0	10.0	2633234.0
GTEX-1A32A-0001_C40KK.7_2	3.4583770591915197	48.0	76.0	10.0	2633234.0
GTEX-1A32A-0001_C40KK.8_1	3.2953296586953655	48.0	76.0	10.0	2724692.0
GTEX-1A32A-0001_C40KK.8_2	3.5631777615087543	48.0	76.0	10.0	2724692.0
GTEX-1A32A-0001_C4104.1_1	3.572592052168517	48.0	76.0	0.0	2620389.0
GTEX-1A32A-0001_C4104.1_2	3.720231581671996	48.0	76.0	0.0	2620389.0
GTEX-1A32A-0001_C4104.2_1	4.006529191363612	48.0	76.0	0.0	2970066.0
GTEX-1A32A-0001_C4104.2_2	4.10099816958207	48.0	76.0	0.0	2970066.0
GTEX-1A32A-0001_C4104.3_1	3.8640056306962265	48.0	76.0	0.0	2968617.0
GTEX-1A32A-0001_C4104.3_2	4.009419864988189	48.0	76.0	0.0	2968617.0
GTEX-1A32A-0001_C4104.4_1	3.890710490969525	48.0	76.0	0.0	3003695.0
GTEX-1A32A-0001_C4104.4_2	3.8973016188112837	48.0	76.0	0.0	3003695.0
GTEX-1A32A-0001_C4104.5_1	3.912082925360778	48.0	76.0	0.0	2919945.0
GTEX-1A32A-0001_C4104.5_2	3.8743458436650258	48.0	76.0	0.0	2919945.0
GTEX-1A32A-0001_C4104.6_1	3.875422439606851	48.0	76.0	0.0	2917712.0
GTEX-1A32A-0001_C4104.6_2	4.016561159939414	48.0	76.0	0.0	2917712.0
GTEX-1A32A-0001_C4104.7_1	3.947794674982916	48.0	76.0	0.0	2913188.0
GTEX-1A32A-0001_C4104.7_2	4.018145917867173	48.0	76.0	0.0	2913188.0
GTEX-1A8FM-0004_C40JE.1_1	4.4681714018256	50.0	76.0	0.0	3290947.0
GTEX-1A8FM-0004_C40JE.1_2	4.571850707158205	50.0	76.0	0.0	3290947.0
GTEX-1A8FM-0004_C40JE.2_1	4.562565762644638	50.0	76.0	0.0	3116493.0
GTEX-1A8FM-0004_C40JE.2_2	4.547523200510611	50.0	76.0	0.0	3116493.0
GTEX-1A8FM-0004_C40JE.3_1	4.620270976323567	50.0	76.0	0.0	3405873.0
GTEX-1A8FM-0004_C40JE.3_2	4.803683903647041	50.0	76.0	0.0	3405873.0
GTEX-1A8FM-0004_C40JE.4_1	4.753854566890411	50.0	76.0	0.0	3435829.0
GTEX-1A8FM-0004_C40JE.4_2	4.759218073050434	50.0	76.0	0.0	3435829.0
GTEX-1A8FM-0004_C40JE.5_1	4.711656320598053	50.0	76.0	0.0	3467664.0
GTEX-1A8FM-0004_C40JE.5_2	4.826617381727743	50.0	76.0	0.0	3467664.0
GTEX-1A8FM-0004_C40JE.6_1	4.6568172140744934	50.0	76.0	0.0	3457307.0
GTEX-1A8FM-0004_C40JE.6_2	4.713059573961559	50.0	76.0	0.0	3457307.0
GTEX-1A8FM-0004_C40JE.7_1	4.735865691987158	50.0	76.0	0.0	3504474.0
GTEX-1A8FM-0004_C40JE.7_2	4.790283406747477	50.0	76.0	0.0	3504474.0
GTEX-1A8FM-0004_C40JE.8_1	4.712606322581763	50.0	76.0	0.0	3453912.0
GTEX-1A8FM-0004_C40JE.8_2	4.769976783272526	50.0	76.0	0.0	3453912.0
GTEX-1A8FM-0004_C40KK.1_1	4.144152973487181	50.0	76.0	10.0	3071152.0
GTEX-1A8FM-0004_C40KK.1_2	4.402733991513003	50.0	76.0	10.0	3071152.0
GTEX-1A8FM-0004_C40KK.2_1	3.8540734457724	50.0	76.0	10.0	3124540.0
GTEX-1A8FM-0004_C40KK.2_2	4.083474731100139	50.0	76.0	10.0	3124540.0
GTEX-1A8FM-0004_C40KK.3_1	3.618570075356544	50.0	76.0	10.0	3079885.0
GTEX-1A8FM-0004_C40KK.3_2	4.015451980944178	50.0	76.0	10.0	3079885.0
GTEX-1A8FM-0004_C40KK.4_1	3.558000827080903	50.0	76.0	10.0	3052438.0
GTEX-1A8FM-0004_C40KK.4_2	3.821819560964002	50.0	76.0	10.0	3052438.0
GTEX-1A8FM-0004_C40KK.5_1	3.455637729332068	50.0	76.0	10.0	3030383.0
GTEX-1A8FM-0004_C40KK.5_2	3.824461652084807	50.0	76.0	10.0	3030383.0
GTEX-1A8FM-0004_C40KK.6_1	3.5123408531234332	50.0	76.0	10.0	3021882.0
GTEX-1A8FM-0004_C40KK.6_2	3.9377293999570924	50.0	76.0	10.0	3021882.0
GTEX-1A8FM-0004_C40KK.7_1	3.5353941873922565	50.0	76.0	10.0	3053481.0
GTEX-1A8FM-0004_C40KK.7_2	4.012348771073334	50.0	76.0	10.0	3053481.0
GTEX-1A8FM-0004_C40KK.8_1	3.7585284597134603	50.0	76.0	10.0	3201124.0
GTEX-1A8FM-0004_C40KK.8_2	4.087306649631088	50.0	76.0	10.0	3201124.0
GTEX-1A8FM-0004_C4104.1_1	3.884479625479642	50.0	76.0	0.0	2493281.0
GTEX-1A8FM-0004_C4104.1_2	4.065367285250915	50.0	76.0	0.0	2493281.0
GTEX-1A8FM-0004_C4104.2_1	3.629173348963647	50.0	76.0	0.0	2389022.0
GTEX-1A8FM-0004_C4104.2_2	3.9074486843165914	50.0	76.0	0.0	2389022.0
GTEX-1A8FM-0004_C4104.3_1	3.7287415003085442	50.0	76.0	0.0	2431278.0
GTEX-1A8FM-0004_C4104.3_2	3.82167566916371	50.0	76.0	0.0	2431278.0
GTEX-1A8FM-0004_C4104.4_1	3.99727310309153	50.0	76.0	0.0	2680001.0
GTEX-1A8FM-0004_C4104.4_2	3.9785904376688137	50.0	76.0	0.0	2680001.0
GTEX-1A8FM-0004_C4104.5_1	3.7370308760707474	50.0	76.0	0.0	2405785.0
GTEX-1A8FM-0004_C4104.5_2	3.937917592209658	50.0	76.0	0.0	2405785.0
GTEX-1A8FM-0004_C4104.6_1	3.7091495893932205	50.0	76.0	0.0	2374698.0
GTEX-1A8FM-0004_C4104.6_2	3.7763174150941836	50.0	76.0	0.0	2374698.0
GTEX-1A8FM-0004_C4104.7_1	3.727893063744631	50.0	76.0	0.0	2351678.0
GTEX-1A8FM-0004_C4104.7_2	3.8264592074133503	50.0	76.0	0.0	2351678.0
